Iteration	GP_regression.Mat52.variance	GP_regression.Mat52.lengthscale	GP_regression.Gaussian_noise.variance
1.0	0.9996551154547324	0.6040018217374067	0.0003449606543110987
2.0	0.9996551154547324	0.6040018217374067	0.0003449606543110987
3.0	0.9990201116539568	0.4345841520960376	0.0009798813991900091
4.0	0.6474282770420258	20.72331414862226	0.3752959862424352
5.0	0.9449022244882097	9.247708197816387	3.368813236004656e-09
6.0	0.91952186748827	11.60846789708272	2.9573745163958107e-09
7.0	0.9157915058305208	13.549611686444942	1.0000111243036122e-09
8.0	0.9880998420203766	2.5689312961399384	1.5055912896224403e-06
9.0	0.9833179464259814	2.9851673857726517	1.0007033105754345e-09
10.0	0.9861964797464465	3.293620294466506	1.0999999998880572e-09
11.0	0.9907158234226345	3.5267157835235605	1.0000334072167736e-09
12.0	0.9987358565434281	3.7441893934861397	1.0010269359980448e-09
13.0	1.0055743922360987	3.8970640576671975	1.0999999997884958e-09
14.0	1.0154866172447015	4.060427049306427	1.0999999997754837e-09
15.0	1.0245804473988571	4.188572150995507	1.099999999748955e-09
16.0	1.0351569457586667	4.313997326580945	1.0999999997386158e-09
17.0	1.0484893166795373	4.431089694116495	1.0999999997740235e-09
18.0	1.0363629892828445	3.188004134810318	1.0999999998694082e-09
19.0	1.0481004116643267	3.285382265457966	1.0999999999235602e-09
20.0	1.062705482687886	3.3187827044155145	1e-09
21.0	1.0156793268227884	2.284688300369387	1.0999999999353103e-09
22.0	1.0172292900501827	2.3234139737165456	1.0999999999646686e-09
23.0	1.0256738723349508	2.388750718743249	1.0999999999730814e-09
24.0	1.046295620610246	2.5479612904431237	1.0999999999402272e-09
25.0	1.0601725431592683	2.648388777922897	1.0999999999275612e-09
26.0	1.073552289849924	2.736847693276146	1.099999999917942e-09
27.0	1.0893050058439815	2.8288156535020192	1.0999999999105521e-09
28.0	1.1002051103046844	2.8898190449907712	1.0999999998967337e-09
29.0	1.1004402941581688	2.8872507702601173	1.099999999930446e-09
30.0	1.1151731183998506	2.9585101314286364	1.0999999999103062e-09
31.0	1.12625925578955	3.0106069975434773	1.0999999999227152e-09
32.0	1.1371616990541715	3.055290011254081	1.0999999999309895e-09
33.0	1.135947760154656	3.0421266181085196	1.0999999999173677e-09
34.0	1.1504531366204902	3.105285237393063	1.0999999998970298e-09
35.0	1.1587224188752754	3.140909942735697	1.0999999999166685e-09
36.0	1.1570383710369125	3.133084986239257	1.0999999999248696e-09
37.0	1.1727234215471385	3.1965173801788054	1.0999999998993093e-09
38.0	1.179628298817343	3.2224903665299793	1.0999999999263248e-09
39.0	1.1851579008744664	3.2433521788604924	1.099999999923715e-09
40.0	1.192026638183198	3.2693459489130343	1.0999999999220872e-09
41.0	1.1974978916974346	3.290813860771451	1.0588750690761852e-09
42.0	1.2083817929726397	3.331159799410772	1.099999999922669e-09
43.0	1.214115402114589	3.353053938886114	1.0004681964817628e-09
44.0	1.2081508037692152	3.3316591950766625	1.0999999999378904e-09
45.0	1.205660397119042	3.322339618745374	1.0999999999390444e-09
46.0	1.2161242643340373	3.3607760100496535	1.099999999931691e-09
47.0	1.2234444706336145	3.385972344696489	1.0060041278019897e-09
48.0	1.223164818672595	3.3853627772269292	3.025061099783892e-08
49.0	1.227910666245572	3.401668803101589	1.0002796071838891e-09
50.0	1.231427759057127	3.4144653467978126	1.0806967460338747e-09
51.0	1.2345777744167346	3.425168350246244	1.0000000000862595e-09
52.0	1.2401642261431536	3.4452000565441137	1.0005449942285707e-09
53.0	1.2246905767791239	3.388988995701893	1.0999999999514674e-09
54.0	1.19908965491183	3.207414028375148	1.0999999998691395e-09
55.0	1.1990583398527668	3.2074384886227083	1.09999999999558e-09
56.0	1.1869791860418342	3.1396173391168443	1.0999999999272783e-09
57.0	1.201887011705106	3.1896634229906238	1.0000000060858567e-09
58.0	1.2092540419497517	3.2175674492459083	1.099999999922331e-09
59.0	1.2194658895354609	3.2539781365800517	1.0999999999254792e-09
60.0	1.2303894633922663	3.2907487655010854	1.0999999999291606e-09
61.0	1.1906376605844382	3.0399199502749314	1.099999999870975e-09
62.0	1.1857118586919855	3.010074048045491	1.0999999999162322e-09
63.0	1.1515695985768017	2.7994196118022456	1.0999999998758655e-09
64.0	1.1474791557683715	2.7844804477734977	1.09999999994123e-09
65.0	1.1606362193878281	2.8314083263638747	1.000330940504279e-09
66.0	1.1616722979067773	2.8368334151480092	1.0999999999165448e-09
67.0	1.1814470174549598	2.8996720792403994	1e-09
68.0	1.185680547023675	2.913768468673638	1.099999999921967e-09
69.0	1.197924259774559	2.954749077768117	1.0999999999130157e-09
70.0	1.2026285080251544	2.970476756861742	1.0999999999075637e-09
71.0	1.2139503318080922	3.007601103963824	1.0000000000092523e-09
72.0	1.2215678156808418	3.0326523119138793	1.099999999898755e-09
73.0	1.2255356413696752	3.045296148460542	1.099999999900481e-09
74.0	1.2345981983452334	3.074054640759924	1.099999999897614e-09
75.0	1.2342437623933502	3.074297494701808	1.0000000080592456e-09
76.0	1.2452352943998153	3.107493344602278	1.0999999999008646e-09
77.0	1.251847736358077	3.127928908384012	1.0000000000000063e-09
78.0	1.2668956834218679	3.171000607819075	1.099999999876712e-09
79.0	1.2656540009768649	3.1685921933123717	1.0000000029174826e-09
80.0	1.266172281661626	3.1707505545513404	1.0999999999013684e-09
81.0	1.2743923465243043	3.1945813298297248	1.0999999998931468e-09
82.0	1.280414853924898	3.212566651069961	1.0999999998923957e-09
83.0	1.2840859450790696	3.2189748886830043	1.0999999999196451e-09
84.0	1.293425269315545	3.2447046797285224	1.0999999998912205e-09
85.0	1.293172519512459	3.244791797985517	1.0999999999906737e-09
86.0	1.2979936932906164	3.259075898998816	1.0851867237504635e-09
87.0	1.2988562788726916	3.261978579236618	1.099999999900383e-09
88.0	1.2963259176245259	3.2561424377705714	1.0999999999412306e-09
89.0	1.2977779922871615	3.2605156469720638	1.099999999900319e-09
90.0	1.304411159377128	3.2785336273346277	1.0999999998959321e-09
91.0	1.3064417104667239	3.2849293447437535	1.0999999999030986e-09
92.0	1.310520569388955	3.296164422749754	1.0085306136228681e-09
93.0	1.3163251947105048	3.311148747320283	1e-09
94.0	1.3152522222917786	3.308746960905997	1.0999999999501379e-09
95.0	1.3150178603154945	3.308997060793887	1.0999999999921957e-09
96.0	1.3335133650978153	3.355342911249343	1.099999999874846e-09
