Iteration: hid_nod_1 hid_nod_2 hid_nod_3 hid_nod_4 hid_nod_5 lea_rate act_hid act_out dropout batch_size
1:
45 19 6 39 12 0.008571456957231967 1 1 0.8016012818479157 256
0.11100101470947266 0.020945608615875244 0.1447259783744812
2:
45 19 6 20 20 0.009632332705971247 1 1 0.8466760340688975 512
0.12867505848407745 0.023489994928240776 0.15326446294784546
3:
47 49 26 3 26 0.0028638713429419873 0 1 0.523044999921332 256
0.12394481152296066 0.023429326713085175 0.15306641161441803
4:
14 34 49 47 17 0.006826723827031429 0 1 0.015673584693402555 256
0.03593884035944939 0.002841903129592538 0.05330950394272804
5:
16 14 22 12 30 0.002063308604454747 0 1 0.8741916630947365 1024
0.14249522984027863 0.02981904335319996 0.17268191277980804
6:
30 47 3 35 29 0.006733598421002203 1 1 0.25614343241556725 128
0.07956342399120331 0.009243248961865902 0.09614181518554688
7:
50 1 49 31 3 0.008314737938642229 2 1 0.4420677056089555 64
0.11507399380207062 0.020455190911889076 0.14302164316177368
8:
31 44 12 10 40 2.3503091119159634e-05 2 0 0.3107028372387877 128
0.049623578786849976 0.004402128513902426 0.06634853780269623
9:
23 45 36 31 41 0.002386474057554412 0 1 0.7574066150145257 64
0.0860857218503952 0.013080201111733913 0.11436870694160461
10:
25 16 5 32 2 0.005456957689264589 2 0 0.6983418272053064 128
0.09907186031341553 0.015843505039811134 0.1258709877729416
11:
28 31 16 40 12 0.004324819683883004 0 1 0.4038661074152738 512
0.07526036351919174 0.01140710711479187 0.10680405795574188
12:
17 41 8 2 12 0.00017771119021077011 1 0 0.4356420088257958 64
0.12124604731798172 0.021487534046173096 0.14658626914024353
13:
21 30 35 47 23 0.004585095284425287 2 1 0.020596177447367837 512
0.03400609642267227 0.0025509388651698828 0.050506819039583206
14:
8 35 8 34 25 0.008539419650531383 1 1 0.3144925099680261 512
0.06384550034999847 0.007468214724212885 0.08641882985830307
15:
34 11 10 12 24 0.0019249564693434157 0 1 0.5226462365209051 512
0.11866173893213272 0.02172255702316761 0.14738574624061584
16:
7 43 9 31 29 0.00859525616521166 1 0 0.6199492698566692 512
0.09250786900520325 0.015272540040314198 0.12358211725950241
17:
12 38 8 31 29 0.009954634447645633 1 0 0.7233087626911067 512
0.11534721404314041 0.0203387513756752 0.1426139920949936
18:
8 37 49 45 14 0.007805102437313006 1 0 0.28080860464352564 256
0.06402873247861862 0.007071801461279392 0.08409400284290314
19:
20 30 35 48 22 0.004220164303043927 2 1 0.0 512
0.029883945360779762 0.0022379641886800528 0.047307126224040985
20:
19 30 31 47 20 0.003953384305389303 2 1 0.0 512
0.03058193251490593 0.002279804088175297 0.04774729534983635
21:
14 30 34 48 22 0.0045913545988107915 2 1 0.0 512
0.03113505244255066 0.002328159287571907 0.04825100302696228
22:
17 34 35 50 17 0.001101878614877757 1 1 0.0 512
0.4933992624282837 0.3313993513584137 0.57567298412323
23:
19 29 33 47 22 0.004754042489393594 2 1 0.005531810979541741 512
0.03104547969996929 0.0023027423303574324 0.04798689857125282
24:
16 29 34 47 24 0.005442166824889663 2 1 0.0 512
0.03142799809575081 0.0023647488560527563 0.048628684133291245
25:
15 29 31 47 22 0.005414249563468681 2 1 0.0 512
0.03110670857131481 0.0023286216892302036 0.0482557937502861
26:
13 28 33 48 23 0.00620669015876525 2 1 0.0 512
0.03128650411963463 0.002354540629312396 0.04852360859513283
27:
13 29 34 45 23 0.004141785785276514 2 1 0.0 512
0.03066113218665123 0.0022849508095532656 0.04780115932226181
28:
20 29 29 46 21 0.005159272945181099 2 1 0.0 512
0.030881116166710854 0.0023411549627780914 0.04838548228144646
29:
13 31 33 47 25 0.00632938393987479 2 1 0.0 512
0.030992863699793816 0.002333098091185093 0.04830215498805046
30:
21 28 35 50 23 0.005858005012499392 2 1 0.0 512
0.030939817428588867 0.0023106527514755726 0.04806924983859062
31:
21 29 31 49 23 1e-06 2 0 0.0 512
0.03989425301551819 0.003338850336149335 0.05778278410434723
32:
13 29 37 48 25 1e-06 2 0 0.9 512
0.39109909534454346 0.22482621669769287 0.4741584360599518
33:
11 35 49 46 17 0.0075701905784618245 0 0 0.16543877108698216 256
0.047440093010663986 0.0043192231096327305 0.06572079658508301
34:
14 30 32 46 23 0.01 2 1 0.0 512
0.03418993204832077 0.002598012099042535 0.05097069963812828
35:
13 35 49 47 14 0.006523249200935757 1 1 0.005603231852277162 256
0.493399441242218 0.3313990533351898 0.5756726861000061
36:
14 34 49 47 19 0.0072398506249459075 0 1 0.0702918603486645 256
0.040368471294641495 0.0033443842548877 0.057830650359392166
37:
32 43 12 10 38 0.0023415039119356524 2 0 0.4323259764712503 128
0.050411611795425415 0.004688073415309191 0.06846950948238373
38:
15 29 32 48 23 0.002260325510386526 2 1 0.0 512
0.029974428936839104 0.002200172748416662 0.0469059981405735
39:
22 29 33 48 22 0.01 2 1 0.0 512
0.03228224813938141 0.002487631281837821 0.04987616091966629
40:
20 30 33 49 24 0.01 2 1 0.0 512
0.0317123718559742 0.00238022580742836 0.04878755658864975
41:
15 28 33 46 21 0.009761478551483125 2 1 0.0 512
0.032214391976594925 0.002472493564710021 0.04972417652606964
42:
18 27 30 48 21 0.01 2 1 0.0 512
0.032168880105018616 0.002441219286993146 0.049408696591854095
43:
33 46 15 11 39 0.002275291312849988 2 0 0.2648174414037663 128
0.04504567012190819 0.0037165621761232615 0.06096361204981804
44:
12 29 32 47 21 1e-06 2 1 0.0 512
0.03984637185931206 0.0033678989857435226 0.05803360044956207
45:
17 28 31 46 24 1e-06 0 1 0.0 512
0.04002360999584198 0.003391384147107601 0.058235593140125275
46:
13 33 49 46 18 0.007224494343397766 0 0 0.05764096193986345 256
0.04009252041578293 0.0032484494149684906 0.05699516832828522
47:
9 35 49 45 19 0.008430216656055657 0 0 0.3184824631530559 256
0.06343859434127808 0.007558635901659727 0.08694041520357132
48:
17 31 32 46 25 0.0028024333565988737 2 1 0.0 512
0.03037906438112259 0.002248231088742614 0.047415513545274734
49:
13 32 30 47 26 0.00765103564446862 2 1 0.0 512
0.031529225409030914 0.002398287644609809 0.04897231608629227
50:
35 43 14 9 41 2.9836734343238548e-05 2 0 0.19386868568457055 128
0.05049758404493332 0.004503798671066761 0.0671103447675705
51:
18 30 29 48 23 0.01 2 1 0.0 512
0.03200101479887962 0.0024218489415943623 0.04921228438615799
52:
21 27 31 47 19 1e-06 0 1 0.0 512
0.04069150984287262 0.0034860505256801844 0.059042785316705704
53:
17 29 28 46 19 1e-06 0 1 0.0 512
0.0399855300784111 0.003374645719304681 0.058091700077056885
54:
12 32 32 44 26 1e-06 2 1 0.0 512
0.03963446617126465 0.0033413635101169348 0.05780452862381935
55:
11 28 30 46 25 0.003310774403688302 2 1 0.0 512
0.030563367530703545 0.0022630738094449043 0.04757177457213402
56:
14 29 30 45 27 0.01 2 1 0.0 512
0.03324691578745842 0.0025343745946884155 0.05034257099032402
57:
13 26 32 43 24 0.006669680889814683 2 1 0.0 512
0.031227996572852135 0.002350951312109828 0.048486609011888504
58:
31 43 17 8 39 1e-06 0 0 0.14765672002902627 128
0.04840195178985596 0.004283602349460125 0.06544923782348633
59:
32 42 16 13 40 2.0248733879535084e-06 0 0 0.0 128
0.03894629701972008 0.003188476897776127 0.05646659806370735
60:
13 25 30 46 23 0.01 2 1 0.0 512
0.03267316147685051 0.002466493984684348 0.049663808196783066
61:
16 29 33 42 24 1e-06 2 1 0.0 512
0.03958471119403839 0.0033216108568012714 0.0576334185898304
62:
15 27 27 43 23 1e-06 2 1 0.0 512
0.039807192981243134 0.003348693484440446 0.05786789581179619
63:
11 29 31 42 23 1e-06 0 1 0.0 512
0.040557973086833954 0.0034572200383991003 0.058798130601644516
64:
14 28 26 48 23 0.01 2 1 0.0 512
0.03218700364232063 0.0024604974314570427 0.049603402614593506
65:
13 26 26 46 26 1e-06 0 1 0.0 512
0.0407954566180706 0.0034990832209587097 0.05915305018424988
66:
17 26 26 47 22 0.01 1 0 0.0 512
0.03011334128677845 0.0022384137846529484 0.04731187969446182
67:
5 38 49 44 15 0.008767797990225453 0 0 0.4650657626825502 256
0.08272968232631683 0.012503779493272305 0.11182030290365219
68:
19 28 25 49 21 1e-06 2 1 0.9 512
0.48547425866127014 0.32511240243911743 0.5701863169670105
69:
34 42 17 11 37 1e-06 2 1 0.0 128
0.03922443836927414 0.003250210778787732 0.05701062083244324
70:
16 26 27 46 22 0.01 1 0 0.0 512
0.030731238424777985 0.0022447826340794563 0.047379136085510254
71:
18 28 30 45 20 0.01 2 1 0.0 512
0.03269338607788086 0.0024912620428949594 0.04991254210472107
72:
16 24 26 47 24 0.01 1 0 0.0 512
0.03041745536029339 0.00223824055865407 0.04731004685163498
73:
14 28 28 48 25 0.01 1 0 0.0 512
0.029855400323867798 0.002202102914452553 0.04692656919360161
74:
12 29 27 46 23 0.01 0 1 0.0 512
0.03279562294483185 0.002524727024137974 0.05024666339159012
75:
11 26 27 49 23 0.01 1 1 0.0 512
0.4933992624282837 0.3313993513584137 0.57567298412323
76:
15 29 27 46 24 0.01 2 1 0.0 512
0.03156207129359245 0.0024234012234956026 0.04922805353999138
77:
33 43 18 11 41 0.01 2 1 0.9 128
0.4933997094631195 0.33139926195144653 0.5756728649139404
78:
32 42 15 13 37 1e-06 0 0 0.0 128
0.0402616411447525 0.003417505184188485 0.05845943093299866
79:
15 27 27 47 25 0.01 0 0 0.0 512
0.033128220587968826 0.0025410621892660856 0.050408948212862015
80:
34 43 15 9 36 1e-06 0 0 0.0 128
0.04009047895669937 0.0033415197394788265 0.05780588090419769
81:
13 28 30 45 24 1e-06 0 1 0.0 512
0.04073731601238251 0.0034823263995349407 0.05901123955845833
82:
32 41 14 14 40 1e-06 0 0 0.0 128
0.03971708565950394 0.003298636991530657 0.05743376165628433
83:
13 30 27 47 24 0.01 2 0 0.0 512
0.03148980066180229 0.002367146546021104 0.04865333065390587
84:
35 41 16 11 35 1e-06 2 1 0.0 128
0.0389462374150753 0.003231087001040578 0.05684265121817589
85:
19 29 30 46 22 0.01 1 0 0.0 512
0.030404066666960716 0.00225652358494699 0.04750287905335426
86:
16 24 30 46 24 0.01 2 1 0.0 512
0.03308030590415001 0.0025468284729868174 0.05046611279249191
87:
30 44 15 8 37 1e-06 0 0 0.0 128
0.04016676917672157 0.003363527124747634 0.05799592286348343
88:
12 29 27 44 26 0.004553474688563022 0 1 0.0 512
0.03113529644906521 0.0023506050929427147 0.04848304018378258
89:
35 46 12 10 39 1e-06 0 0 0.0 128
0.03959564492106438 0.003292917972430587 0.0573839507997036
90:
14 25 28 44 26 0.01 2 1 0.0 512
0.032585106790065765 0.002508527832105756 0.05008520558476448
91:
13 29 24 45 24 0.01 0 1 0.0 512
0.03290940076112747 0.0025225291028618813 0.05022478476166725
92:
16 29 29 48 26 0.01 1 0 0.0 512
0.030108537524938583 0.0022369609214365482 0.047296520322561264
93:
31 40 17 9 36 1e-06 0 0 0.0 128
0.03989097848534584 0.003329888451844454 0.05770518630743027
94:
33 43 13 6 39 1e-06 0 0 0.0 128
0.040583670139312744 0.003436218947172165 0.05861927196383476
95:
14 24 32 45 21 0.01 2 1 0.0 512
0.031705085188150406 0.0024203194770962 0.049196742475032806
96:
16 25 24 45 25 0.01 1 0 0.0 512
0.0301764328032732 0.002208922291174531 0.04699917510151863
97:
14 28 26 46 28 1e-06 1 0 0.0 512
0.06592889875173569 0.008758625946938992 0.09358753263950348
98:
13 30 27 44 21 0.01 0 1 0.0 512
0.03318106383085251 0.0025179225485771894 0.050178904086351395
99:
33 43 18 11 34 1e-06 2 0 0.0 128
0.03934378921985626 0.0032455057371407747 0.05696934089064598
100:
18 23 26 45 23 0.01 1 0 0.0 512
0.030474117025732994 0.0022528001572936773 0.04746367037296295
101:
30 42 17 5 38 1e-06 0 0 0.0 128
0.039517320692539215 0.003272685222327709 0.0572073869407177
102:
37 42 11 8 40 1e-06 2 0 0.0 128
0.03945186361670494 0.0032685883343219757 0.057171568274497986
103:
33 47 14 12 36 1e-06 2 0 0.0 128
0.03952525183558464 0.0032542103435844183 0.05704568699002266
104:
10 28 30 43 27 0.01 2 1 0.0 512
0.03341354802250862 0.002608886919915676 0.05107726529240608
105:
21 31 30 44 22 0.01 0 1 0.0 512
0.03237643465399742 0.0025172701571136713 0.05017240345478058
106:
10 32 28 44 24 0.01 0 1 0.0 512
0.033253222703933716 0.0026028465945273638 0.05101810023188591
107:
36 44 14 12 37 1e-06 2 0 0.0 128
0.03932410106062889 0.003240145742893219 0.05692227929830551
108:
13 25 24 42 26 1e-06 0 1 0.0 512
0.040918149054050446 0.0035412516444921494 0.059508416801691055
109:
20 24 32 47 22 0.01 1 0 0.0 512
0.030307594686746597 0.0022478285245597363 0.047411270439624786
110:
10 31 31 45 24 0.01 2 1 0.0 512
0.033124327659606934 0.0025632563047111034 0.05062860995531082
