[loss, [hid_nod_1 hid_nod_2 hid_nod_3 hid_nod_4 hid_nod_5 lea_rate act_hid act_out dropout batch_size]]
[0.029855400323867798, [14.0, 28.0, 28.0, 48.0, 25.0, 0.01, 1.0, 0.0, 0.0, 512.0]]
[0.029883945360779762, [20.0, 30.0, 35.0, 48.0, 22.0, 0.004220164303043927, 2.0, 1.0, 0.0, 512.0]]
[0.029974428936839104, [15.0, 29.0, 32.0, 48.0, 23.0, 0.002260325510386526, 2.0, 1.0, 0.0, 512.0]]
[0.030108537524938583, [16.0, 29.0, 29.0, 48.0, 26.0, 0.01, 1.0, 0.0, 0.0, 512.0]]
[0.03011334128677845, [17.0, 26.0, 26.0, 47.0, 22.0, 0.01, 1.0, 0.0, 0.0, 512.0]]
[0.0301764328032732, [16.0, 25.0, 24.0, 45.0, 25.0, 0.01, 1.0, 0.0, 0.0, 512.0]]
[0.030307594686746597, [20.0, 24.0, 32.0, 47.0, 22.0, 0.01, 1.0, 0.0, 0.0, 512.0]]
[0.03037906438112259, [17.0, 31.0, 32.0, 46.0, 25.0, 0.0028024333565988737, 2.0, 1.0, 0.0, 512.0]]
[0.030404066666960716, [19.0, 29.0, 30.0, 46.0, 22.0, 0.01, 1.0, 0.0, 0.0, 512.0]]
[0.03041745536029339, [16.0, 24.0, 26.0, 47.0, 24.0, 0.01, 1.0, 0.0, 0.0, 512.0]]
[0.030474117025732994, [18.0, 23.0, 26.0, 45.0, 23.0, 0.01, 1.0, 0.0, 0.0, 512.0]]
[0.030563367530703545, [11.0, 28.0, 30.0, 46.0, 25.0, 0.003310774403688302, 2.0, 1.0, 0.0, 512.0]]
[0.03058193251490593, [19.0, 30.0, 31.0, 47.0, 20.0, 0.003953384305389303, 2.0, 1.0, 0.0, 512.0]]
[0.03066113218665123, [13.0, 29.0, 34.0, 45.0, 23.0, 0.004141785785276514, 2.0, 1.0, 0.0, 512.0]]
[0.030731238424777985, [16.0, 26.0, 27.0, 46.0, 22.0, 0.01, 1.0, 0.0, 0.0, 512.0]]
[0.030881116166710854, [20.0, 29.0, 29.0, 46.0, 21.0, 0.005159272945181099, 2.0, 1.0, 0.0, 512.0]]
[0.030939817428588867, [21.0, 28.0, 35.0, 50.0, 23.0, 0.005858005012499392, 2.0, 1.0, 0.0, 512.0]]
[0.030992863699793816, [13.0, 31.0, 33.0, 47.0, 25.0, 0.00632938393987479, 2.0, 1.0, 0.0, 512.0]]
[0.03104547969996929, [19.0, 29.0, 33.0, 47.0, 22.0, 0.004754042489393594, 2.0, 1.0, 0.005531810979541741, 512.0]]
[0.03110670857131481, [15.0, 29.0, 31.0, 47.0, 22.0, 0.005414249563468681, 2.0, 1.0, 0.0, 512.0]]
[0.03113505244255066, [14.0, 30.0, 34.0, 48.0, 22.0, 0.0045913545988107915, 2.0, 1.0, 0.0, 512.0]]
[0.03113529644906521, [12.0, 29.0, 27.0, 44.0, 26.0, 0.004553474688563022, 0.0, 1.0, 0.0, 512.0]]
[0.031227996572852135, [13.0, 26.0, 32.0, 43.0, 24.0, 0.006669680889814683, 2.0, 1.0, 0.0, 512.0]]
[0.03128650411963463, [13.0, 28.0, 33.0, 48.0, 23.0, 0.00620669015876525, 2.0, 1.0, 0.0, 512.0]]
[0.03142799809575081, [16.0, 29.0, 34.0, 47.0, 24.0, 0.005442166824889663, 2.0, 1.0, 0.0, 512.0]]
[0.03148980066180229, [13.0, 30.0, 27.0, 47.0, 24.0, 0.01, 2.0, 0.0, 0.0, 512.0]]
[0.031529225409030914, [13.0, 32.0, 30.0, 47.0, 26.0, 0.00765103564446862, 2.0, 1.0, 0.0, 512.0]]
[0.03156207129359245, [15.0, 29.0, 27.0, 46.0, 24.0, 0.01, 2.0, 1.0, 0.0, 512.0]]
[0.031705085188150406, [14.0, 24.0, 32.0, 45.0, 21.0, 0.01, 2.0, 1.0, 0.0, 512.0]]
[0.0317123718559742, [20.0, 30.0, 33.0, 49.0, 24.0, 0.01, 2.0, 1.0, 0.0, 512.0]]
[0.03200101479887962, [18.0, 30.0, 29.0, 48.0, 23.0, 0.01, 2.0, 1.0, 0.0, 512.0]]
[0.032168880105018616, [18.0, 27.0, 30.0, 48.0, 21.0, 0.01, 2.0, 1.0, 0.0, 512.0]]
[0.03218700364232063, [14.0, 28.0, 26.0, 48.0, 23.0, 0.01, 2.0, 1.0, 0.0, 512.0]]
[0.032214391976594925, [15.0, 28.0, 33.0, 46.0, 21.0, 0.009761478551483125, 2.0, 1.0, 0.0, 512.0]]
[0.03228224813938141, [22.0, 29.0, 33.0, 48.0, 22.0, 0.01, 2.0, 1.0, 0.0, 512.0]]
[0.03237643465399742, [21.0, 31.0, 30.0, 44.0, 22.0, 0.01, 0.0, 1.0, 0.0, 512.0]]
[0.032585106790065765, [14.0, 25.0, 28.0, 44.0, 26.0, 0.01, 2.0, 1.0, 0.0, 512.0]]
[0.03267316147685051, [13.0, 25.0, 30.0, 46.0, 23.0, 0.01, 2.0, 1.0, 0.0, 512.0]]
[0.03269338607788086, [18.0, 28.0, 30.0, 45.0, 20.0, 0.01, 2.0, 1.0, 0.0, 512.0]]
[0.03279562294483185, [12.0, 29.0, 27.0, 46.0, 23.0, 0.01, 0.0, 1.0, 0.0, 512.0]]
[0.03290940076112747, [13.0, 29.0, 24.0, 45.0, 24.0, 0.01, 0.0, 1.0, 0.0, 512.0]]
[0.03308030590415001, [16.0, 24.0, 30.0, 46.0, 24.0, 0.01, 2.0, 1.0, 0.0, 512.0]]
[0.033124327659606934, [10.0, 31.0, 31.0, 45.0, 24.0, 0.01, 2.0, 1.0, 0.0, 512.0]]
[0.033128220587968826, [15.0, 27.0, 27.0, 47.0, 25.0, 0.01, 0.0, 0.0, 0.0, 512.0]]
[0.03318106383085251, [13.0, 30.0, 27.0, 44.0, 21.0, 0.01, 0.0, 1.0, 0.0, 512.0]]
[0.03324691578745842, [14.0, 29.0, 30.0, 45.0, 27.0, 0.01, 2.0, 1.0, 0.0, 512.0]]
[0.033253222703933716, [10.0, 32.0, 28.0, 44.0, 24.0, 0.01, 0.0, 1.0, 0.0, 512.0]]
[0.03341354802250862, [10.0, 28.0, 30.0, 43.0, 27.0, 0.01, 2.0, 1.0, 0.0, 512.0]]
[0.03400609642267227, [21.0, 30.0, 35.0, 47.0, 23.0, 0.004585095284425287, 2.0, 1.0, 0.020596177447367837, 512.0]]
[0.03418993204832077, [14.0, 30.0, 32.0, 46.0, 23.0, 0.01, 2.0, 1.0, 0.0, 512.0]]
[0.03593884035944939, [14.0, 34.0, 49.0, 47.0, 17.0, 0.006826723827031429, 0.0, 1.0, 0.015673584693402555, 256.0]]
[0.0389462374150753, [35.0, 41.0, 16.0, 11.0, 35.0, 1e-06, 2.0, 1.0, 0.0, 128.0]]
[0.03894629701972008, [32.0, 42.0, 16.0, 13.0, 40.0, 2.0248733879535084e-06, 0.0, 0.0, 0.0, 128.0]]
[0.03922443836927414, [34.0, 42.0, 17.0, 11.0, 37.0, 1e-06, 2.0, 1.0, 0.0, 128.0]]
[0.03932410106062889, [36.0, 44.0, 14.0, 12.0, 37.0, 1e-06, 2.0, 0.0, 0.0, 128.0]]
[0.03934378921985626, [33.0, 43.0, 18.0, 11.0, 34.0, 1e-06, 2.0, 0.0, 0.0, 128.0]]
[0.03945186361670494, [37.0, 42.0, 11.0, 8.0, 40.0, 1e-06, 2.0, 0.0, 0.0, 128.0]]
[0.039517320692539215, [30.0, 42.0, 17.0, 5.0, 38.0, 1e-06, 0.0, 0.0, 0.0, 128.0]]
[0.03952525183558464, [33.0, 47.0, 14.0, 12.0, 36.0, 1e-06, 2.0, 0.0, 0.0, 128.0]]
[0.03958471119403839, [16.0, 29.0, 33.0, 42.0, 24.0, 1e-06, 2.0, 1.0, 0.0, 512.0]]
[0.03959564492106438, [35.0, 46.0, 12.0, 10.0, 39.0, 1e-06, 0.0, 0.0, 0.0, 128.0]]
[0.03963446617126465, [12.0, 32.0, 32.0, 44.0, 26.0, 1e-06, 2.0, 1.0, 0.0, 512.0]]
[0.03971708565950394, [32.0, 41.0, 14.0, 14.0, 40.0, 1e-06, 0.0, 0.0, 0.0, 128.0]]
[0.039807192981243134, [15.0, 27.0, 27.0, 43.0, 23.0, 1e-06, 2.0, 1.0, 0.0, 512.0]]
[0.03984637185931206, [12.0, 29.0, 32.0, 47.0, 21.0, 1e-06, 2.0, 1.0, 0.0, 512.0]]
[0.03989097848534584, [31.0, 40.0, 17.0, 9.0, 36.0, 1e-06, 0.0, 0.0, 0.0, 128.0]]
[0.03989425301551819, [21.0, 29.0, 31.0, 49.0, 23.0, 1e-06, 2.0, 0.0, 0.0, 512.0]]
[0.0399855300784111, [17.0, 29.0, 28.0, 46.0, 19.0, 1e-06, 0.0, 1.0, 0.0, 512.0]]
[0.04002360999584198, [17.0, 28.0, 31.0, 46.0, 24.0, 1e-06, 0.0, 1.0, 0.0, 512.0]]
[0.04009047895669937, [34.0, 43.0, 15.0, 9.0, 36.0, 1e-06, 0.0, 0.0, 0.0, 128.0]]
[0.04009252041578293, [13.0, 33.0, 49.0, 46.0, 18.0, 0.007224494343397766, 0.0, 0.0, 0.05764096193986345, 256.0]]
[0.04016676917672157, [30.0, 44.0, 15.0, 8.0, 37.0, 1e-06, 0.0, 0.0, 0.0, 128.0]]
[0.0402616411447525, [32.0, 42.0, 15.0, 13.0, 37.0, 1e-06, 0.0, 0.0, 0.0, 128.0]]
[0.040368471294641495, [14.0, 34.0, 49.0, 47.0, 19.0, 0.0072398506249459075, 0.0, 1.0, 0.0702918603486645, 256.0]]
[0.040557973086833954, [11.0, 29.0, 31.0, 42.0, 23.0, 1e-06, 0.0, 1.0, 0.0, 512.0]]
[0.040583670139312744, [33.0, 43.0, 13.0, 6.0, 39.0, 1e-06, 0.0, 0.0, 0.0, 128.0]]
[0.04069150984287262, [21.0, 27.0, 31.0, 47.0, 19.0, 1e-06, 0.0, 1.0, 0.0, 512.0]]
[0.04073731601238251, [13.0, 28.0, 30.0, 45.0, 24.0, 1e-06, 0.0, 1.0, 0.0, 512.0]]
[0.0407954566180706, [13.0, 26.0, 26.0, 46.0, 26.0, 1e-06, 0.0, 1.0, 0.0, 512.0]]
[0.040918149054050446, [13.0, 25.0, 24.0, 42.0, 26.0, 1e-06, 0.0, 1.0, 0.0, 512.0]]
[0.04504567012190819, [33.0, 46.0, 15.0, 11.0, 39.0, 0.002275291312849988, 2.0, 0.0, 0.2648174414037663, 128.0]]
[0.047440093010663986, [11.0, 35.0, 49.0, 46.0, 17.0, 0.0075701905784618245, 0.0, 0.0, 0.16543877108698216, 256.0]]
[0.04840195178985596, [31.0, 43.0, 17.0, 8.0, 39.0, 1e-06, 0.0, 0.0, 0.14765672002902627, 128.0]]
[0.049623578786849976, [31.0, 44.0, 12.0, 10.0, 40.0, 2.3503091119159634e-05, 2.0, 0.0, 0.3107028372387877, 128.0]]
[0.050411611795425415, [32.0, 43.0, 12.0, 10.0, 38.0, 0.0023415039119356524, 2.0, 0.0, 0.4323259764712503, 128.0]]
[0.05049758404493332, [35.0, 43.0, 14.0, 9.0, 41.0, 2.9836734343238548e-05, 2.0, 0.0, 0.19386868568457055, 128.0]]
[0.06343859434127808, [9.0, 35.0, 49.0, 45.0, 19.0, 0.008430216656055657, 0.0, 0.0, 0.3184824631530559, 256.0]]
[0.06384550034999847, [8.0, 35.0, 8.0, 34.0, 25.0, 0.008539419650531383, 1.0, 1.0, 0.3144925099680261, 512.0]]
[0.06402873247861862, [8.0, 37.0, 49.0, 45.0, 14.0, 0.007805102437313006, 1.0, 0.0, 0.28080860464352564, 256.0]]
[0.06592889875173569, [14.0, 28.0, 26.0, 46.0, 28.0, 1e-06, 1.0, 0.0, 0.0, 512.0]]
[0.07526036351919174, [28.0, 31.0, 16.0, 40.0, 12.0, 0.004324819683883004, 0.0, 1.0, 0.4038661074152738, 512.0]]
[0.07956342399120331, [30.0, 47.0, 3.0, 35.0, 29.0, 0.006733598421002203, 1.0, 1.0, 0.25614343241556725, 128.0]]
[0.08272968232631683, [5.0, 38.0, 49.0, 44.0, 15.0, 0.008767797990225453, 0.0, 0.0, 0.4650657626825502, 256.0]]
[0.0860857218503952, [23.0, 45.0, 36.0, 31.0, 41.0, 0.002386474057554412, 0.0, 1.0, 0.7574066150145257, 64.0]]
[0.09250786900520325, [7.0, 43.0, 9.0, 31.0, 29.0, 0.00859525616521166, 1.0, 0.0, 0.6199492698566692, 512.0]]
[0.09907186031341553, [25.0, 16.0, 5.0, 32.0, 2.0, 0.005456957689264589, 2.0, 0.0, 0.6983418272053064, 128.0]]
[0.11100101470947266, [45.0, 19.0, 6.0, 39.0, 12.0, 0.008571456957231967, 1.0, 1.0, 0.8016012818479157, 256.0]]
[0.11507399380207062, [50.0, 1.0, 49.0, 31.0, 3.0, 0.008314737938642229, 2.0, 1.0, 0.4420677056089555, 64.0]]
[0.11534721404314041, [12.0, 38.0, 8.0, 31.0, 29.0, 0.009954634447645633, 1.0, 0.0, 0.7233087626911067, 512.0]]
[0.11866173893213272, [34.0, 11.0, 10.0, 12.0, 24.0, 0.0019249564693434157, 0.0, 1.0, 0.5226462365209051, 512.0]]
[0.12124604731798172, [17.0, 41.0, 8.0, 2.0, 12.0, 0.00017771119021077011, 1.0, 0.0, 0.4356420088257958, 64.0]]
[0.12394481152296066, [47.0, 49.0, 26.0, 3.0, 26.0, 0.0028638713429419873, 0.0, 1.0, 0.523044999921332, 256.0]]
[0.12867505848407745, [45.0, 19.0, 6.0, 20.0, 20.0, 0.009632332705971247, 1.0, 1.0, 0.8466760340688975, 512.0]]
[0.14249522984027863, [16.0, 14.0, 22.0, 12.0, 30.0, 0.002063308604454747, 0.0, 1.0, 0.8741916630947365, 1024.0]]
[0.39109909534454346, [13.0, 29.0, 37.0, 48.0, 25.0, 1e-06, 2.0, 0.0, 0.9, 512.0]]
[0.48547425866127014, [19.0, 28.0, 25.0, 49.0, 21.0, 1e-06, 2.0, 1.0, 0.9, 512.0]]
[0.4933992624282837, [17.0, 34.0, 35.0, 50.0, 17.0, 0.001101878614877757, 1.0, 1.0, 0.0, 512.0]]
[0.4933992624282837, [11.0, 26.0, 27.0, 49.0, 23.0, 0.01, 1.0, 1.0, 0.0, 512.0]]
[0.493399441242218, [13.0, 35.0, 49.0, 47.0, 14.0, 0.006523249200935757, 1.0, 1.0, 0.005603231852277162, 256.0]]
[0.4933997094631195, [33.0, 43.0, 18.0, 11.0, 41.0, 0.01, 2.0, 1.0, 0.9, 128.0]]
